00000000000010001010000000000000
00000000000011001010000000010000
00000000000000000000000100110000
00000000000000001111001110110010
00000110011010001010000010100000
00001000000000001010000010010000
00000000000000001010000000000000
00000000000000010001000000011001
00000000000000010001000000100001
00000000000001001010000000110000
00000000000000000000001001000011
00000000000000000000001110011001
00000000000000010000000001000010
00000000000000010001000000011001
00000000000000010001000000100001
00000000000001001010000000110000
00000000000000000000001001000011
00000000000000000000001110011001
00000000000000010000000001000010
00000000000000010001000000011001
00000000000000010001000000100001
00000000000001001010000000110000
00000000000000000000001001000011
00000000000000000000001110011001
00000000000000010000000001000010
00000000000000010001000000011001
00000000000000010001000000100001
00000000000001001010000000110000
00000000000000000000001001000011
00000000000000000000001110011001
00000000000000010000000001000010
00000000000000010001000000011001
00000000000000010001000000100001
00000000000001001010000000110000
00000000000000000000001001000011
00000000000000000000001110011001
00000000000000010000000001000010
00000000000000010001000000011001
00000000000000010001000000100001
00000000000001001010000000110000
00000000000000000000001001000011
00000000000000000000001110011001
00000000000000010000000001000010
00000000000000010001000000011001
00000000000000010001000000100001
00000000000001001010000000110000
00000000000000000000001001000011
00000000000000000000001110011001
00000000000000010000000001000010
00000000000000010001000000011001
00000000000000010001000000100001
00000000000001001010000000110000
00000000000000000000001001000011
00000000000000000000001110011001
00000000000000010000000001000010
00000000000000010001000000011001
00000000000000010001000000100001
00000000000001001010000000110000
00000000000000000000001001000011
00000000000000000000001110011001
00000000000000010000000001000010
00000000000000010001000000011001
00000000000000010001000000100001
00000000000001001010000000110000
00000000000000000000001001000011
00000000000000000000001110011001
00000000000000010000000001000010
00000000000000010001000000011001
00000000000000010001000000100001
00000000000001001010000000110000
00000000000000000000001001000011
00000000000000000000001110011001
00000000000000010000000001000010
00000000000000010001000000011001
00000000000000010001000000100001
00000000000001001010000000110000
00000000000000000000001001000011
00000000000000000000001110011001
00000000000000010000000001000010
00000000000000010001000000011001
00000000000000010001000000100001
00000000000001001010000000110000
00000000000000000000001001000011
00000000000000000000001110011001
00000000000000010000000001000010
00000000000000010001000000011001
00000000000000010001000000100001
00000000000001001010000000110000
00000000000000000000001001000011
00000000000000000000001110011001
00000000000000010000000001000010
00000000000000010001000000011001
00000000000000010001000000100001
00000000000001001010000000110000
00000000000000000000001001000011
00000000000000000000001110011001
00000000000000010000000001000010
00000000000000010001000000011001
00000000000000010001000000100001
00000000000001001010000000110000
00000000000000000000001001000011
00000000000000000000001110011001
00000000000000010000000001000010
00000000000000010001000000011001
00000000000000010001000000100001
00000000000001001010000000110000
00000000000000000000001001000011
00000000000000000000001110011001
00000000000000010000000001000010
00000000000000010001000000011001
00000000000000010001000000100001
00000000000001001010000000110000
00000000000000000000001001000011
00000000000000000000001110011001
00000000000000010000000001000010
00000000000000010001000000011001
00000000000000010001000000100001
00000000000001001010000000110000
00000000000000000000001001000011
00000000000000000000001110011001
00000000000000010000000001000010
00000000000000010001000000011001
00000000000000010001000000100001
00000000000001001010000000110000
00000000000000000000001001000011
00000000000000000000001110011001
00000000000000010000000001000010
00000000000000010001000000011001
00000000000000010001000000100001
00000000000001001010000000110000
00000000000000000000001001000011
00000000000000000000001110011001
00000000000000010000000001000010
00000000000000010001000000011001
00000000000000010001000000100001
00000000000001001010000000110000
00000000000000000000001001000011
00000000000000000000001110011001
00000000000000010000000001000010
00000000000000010001000000011001
00000000000000010001000000100001
00000000000001001010000000110000
00000000000000000000001001000011
00000000000000000000001110011001
00000000000000010000000001000010
00000000000000010001000000011001
00000000000000010001000000100001
00000000000001001010000000110000
00000000000000000000001001000011
00000000000000000000001110011001
00000000000000010000000001000010
00000000000000010001000000011001
00000000000000010001000000100001
00000000000001001010000000110000
00000000000000000000001001000011
00000000000000000000001110011001
00000000000000010000000001000010
00000000000000010001000000011001
00000000000000010001000000100001
00000000000001001010000000110000
00000000000000000000001001000011
00000000000000000000001110011001
00000000000000010000000001000010
00000000000000010001000000011001
00000000000000010001000000100001
00000000000001001010000000110000
00000000000000000000001001000011
00000000000000000000001110011001
00000000000000010000000001000010
00000000000000010001000000011001
00000000000000010001000000100001
00000000000001001010000000110000
00000000000000000000001001000011
00000000000000000000001110011001
00000000000000010000000001000010
00000000000000010001000000011001
00000000000000010001000000100001
00000000000001001010000000110000
00000000000000000000001001000011
00000000000000000000001110011001
00000000000000010000000001000010
00000000000000010001000000011001
00000000000000010001000000100001
00000000000001001010000000110000
00000000000000000000001001000011
00000000000000000000001110011001
00000000000000010000000001000010
00000000000000010001000000011001
00000000000000010001000000100001
00000000000001001010000000110000
00000000000000000000001001000011
00000000000000000000001110011001
00000000000000010000000001000010
00000000000000010001000000011001
00000000000000010001000000100001
00000000000001001010000000110000
00000000000000000000001001000011
00000000000000000000001110011001
00000000000000010000000001000010
00000000000000010001000000011001
00000000000000010001000000100001
00000000000001001010000000110000
00000000000000000000001001000011
00000000000000000000001110011001
00000000000000010000000001000010
00000000000000010001000000011001
00000000000000010001000000100001
00000000000001001010000000110000
00000000000000000000001001000011
00000000000000000000001110011001
00000000000000010000000001000010
00000000000000010001000000011001
00000000000000010001000000100001
00000000000001001010000000110000
00000000000000000000001001000011
00000000000000000000001110011001
00000000000000010000000001000010
00000000000000010001000000011001
00000000000000010001000000100001
00000000000001001010000000110000
00000000000000000000001001000011
00000000000000000000001110011001
00000000000000010000000001000010
00000000000000010001000000011001
00000000000000010001000000100001
00000000000001001010000000110000
00000000000000000000001001000011
00000000000000000000001110011001
00000000000000010000000001000010
00000000000000010001000000011001
00000000000000010001000000100001
00000000000001001010000000110000
00000000000000000000001001000011
00000000000000000000001110011001
00000000000000010000000001000010
00000000000000010001000000011001
00000000000000010001000000100001
00000000000001001010000000110000
00000000000000000000001001000011
00000000000000000000001110011001
00000000000000010000000001000010
00000000000000010001000000011001
00000000000000010001000000100001
00000000000001001010000000110000
00000000000000000000001001000011
00000000000000000000001110011001
00000000000000010000000001000010
00000000000000010001000000011001
00000000000000010001000000100001
00000000000001001010000000110000
00000000000000000000001001000011
00000000000000000000001110011001
00000000000000010000000001000010
00000000000000010001000000011001
00000000000000010001000000100001
00000000000001001010000000110000
00000000000000000000001001000011
00000000000000000000001110011001
00000000000000010000000001000010
00000000000000010001000000011001
00000000000000010001000000100001
00000000000001001010000000110000
00000000000000000000001001000011
00000000000000000000001110011001
00000000000000010000000001000010
00000000000000010001000000011001
00000000000000010001000000100001
00000000000001001010000000110000
00000000000000000000001001000011
00000000000000000000001110011001
00000000000000010000000001000010
00000000000000010001000000011001
00000000000000010001000000100001
00000000000001001010000000110000
00000000000000000000001001000011
00000000000000000000001110011001
00000000000000010000000001000010
00000000000000010001000000011001
00000000000000010001000000100001
00000000000001001010000000110000
00000000000000000000001001000011
00000000000000000000001110011001
00000000000000010000000001000010
00000000000000010001000000011001
00000000000000010001000000100001
00000000000001001010000000110000
00000000000000000000001001000011
00000000000000000000001110011001
00000000000000010000000001000010
00000000000000010001000000011001
00000000000000010001000000100001
00000000000001001010000000110000
00000000000000000000001001000011
00000000000000000000001110011001
00000000000000010000000001000010
00000000000000010001000000011001
00000000000000010001000000100001
00000000000001001010000000110000
00000000000000000000001001000011
00000000000000000000001110011001
00000000000000010000000001000010
00000000000000010001000000011001
00000000000000010001000000100001
00000000000001001010000000110000
00000000000000000000001001000011
00000000000000000000001110011001
00000000000000010000000001000010
00000000000000010001000000011001
00000000000000010001000000100001
00000000000001001010000000110000